994
994
994
994
994
994
994
994
999
996
994
993
991
992
991
988
987
986
989
992
988
987
985
987
992
996
992
985
982
975
977
973
972
970
967
967
967
969
971
969
967
964
964
964
964
965
963
961
965
967
967
966
965
961
964
962
966
964
962
959
958
955
950
945
945
941
930
924
924
936
956
978
1009
1048
1100
1150
1183
1196
1180
1130
1058
990
949
934
936
948
956
957
955
953
956
957
959
960
958
955
954
957
953
955
956
955
956
957
956
956
953
951
955
957
961
958
958
956
954
955
954
953
951
951
954
956
956
956
954
952
957
957
956
956
955
955
954
956
954
952
951
952
953
956
958
955
956
953
956
955
955
953
953
951
954
954
955
956
952
952
953
955
955
955
952
951
951
953
953
955
952
950
950
950
949
950
948
945
948
950
951
950
947
947
949
949
950
950
949
948
951
956
957
957
955
954
959
962
962
964
963
964
965
967
971
972
972
969
971
973
976
973
973
971
971
974
972
971
973
971
972
972
969
970
970
969
968
969
970
967
966
964
967
968
970
966
966
965
967
967
969
968
965
964
966
967
965
966
962
962
961
963
962
960
960
961
963
965
965
964
963
960
964
963
962
961
960
957
960
962
964
960
957
956
959
962
961
960
958
956
957
959
960
961
961
960
962
961
964
962
962
961
961
964
966
963
961
959
961
963
964
966
968
967
967
968
972
972
971
977
978
982
983
982
979
976
978
977
977
977
976
975
974
975
978
980
982
973
965
965
962
960
956
956
957
959
958
959
957
954
953
954
954
952
953
951
956
955
956
958
953
951
954
956
957
956
952
949
950
946
936
932
926
919
914
920
939
962
991
1020
1072
1124
1171
1203
1216
1209
1178
1124
1057
1001
968
944
931
926
930
936
944
944
945
944
946
946
946
943
945
945
945
947
943
940
940
942
943
944
941
943
945
947
944
944
941
940
940
944
944
943
941
939
942
940
941
940
939
940
942
942
943
944
941
940
944
944
945
945
940
941
943
944
947
944
943
940
942
944
944
945
941
939
939
942
943
941
939
937
937
940
939
936
937
934
935
935
937
935
931
930
931
934
932
931
930
927
929
930
931
930
927
926
929
931
932
933
934
933
940
943
948
949
950
949
954
957
959
958
956
956
958
960
962
962
958
958
959
961
961
963
958
956
961
960
962
962
958
957
960
961
959
961
959
959
960
963
964
961
960
958
959
962
959
959
959
956
959
958
959
957
955
954
955
955
956
957
953
952
953
955
956
956
953
953
953
958
956
955
954
951
955
956
956
955
951
950
951
952
954
953
953
953
953
956
956
955
953
952
952
954
956
953
953
951
952
954
956
954
954
954
956
955
956
955
953
953
954
956
959
963
962
963
965
967
969
969
969
971
972
974
977
979
974
973
974
973
975
973
972
967
967
969
972
977
978
976
969
968
966
965
961
958
954
956
955
955
951
948
950
953
952
951
949
947
946
948
949
949
946
945
946
947
951
948
944
941
940
934
928
923
917
910
907
916
941
972
1005
1048
1107
1165
1205
1220
1198
1130
1034
958
921
920
932
939
943
944
943
944
943
941
943
941
944
943
943
940
941
942
942
939
941
937
939
941
941
937
937
934
937
940
940
941
936
935
937
939
940
940
936
937
942
943
942
942
943
939
941
944
942
942
939
936
936
939
939
940
936
936
937
939
942
942
940
936
940
941
943
942
942
941
945
942
944
944
942
939
941
941
940
939
937
937
936
939
939
940
934
935
934
937
937
937
937
936
936
939
943
943
944
947
950
954
955
956
955
955
957
958
961
961
959
960
961
962
962
962
960
960
960
959
962
961
959
958
957
960
961
961
958
957
961
960
963
960
957
956
958
958
958
957
952
952
954
955
956
955
954
950
952
952
951
950
951
949
951
952
954
951
952
949
949
952
951
952
948
946
948
950
949
950
949
946
948
949
952
952
952
948
949
953
953
954
951
949
950
951
951
951
947
945
951
950
951
950
950
948
950
953
951
953
953
953
954
960
961
961
960
961
964
965
967
966
966
967
969
971
973
970
969
967
966
969
968
967
966
967
966
967
969
971
974
970
966
960
960
953
950
946
945
946
948
947
945
944
943
945
945
945
943
941
942
947
947
944
943
939
941
942
944
941
936
929
926
920
919
916
913
901
891
894
906
922
945
968
1000
1042
1099
1154
1189
1200
1181
1121
1037
961
921
917
926
940
944
944
942
940
941
945
944
943
941
940
941
942
944
943
940
939
940
943
941
940
941
941
940
944
945
944
943
942
942
942
943
943
941
941
942
943
945
947
945
943
944
945
947
945
